2018/11/29-15:25:19.413486 7f3c573f4700 RocksDB version: 5.14.2
2018/11/29-15:25:19.413532 7f3c573f4700 Git sha rocksdb_build_git_sha:
2018/11/29-15:25:19.413535 7f3c573f4700 Compile date Jul  6 2018
2018/11/29-15:25:19.413540 7f3c573f4700 DB SUMMARY
2018/11/29-15:25:19.413573 7f3c573f4700 CURRENT file:  CURRENT
2018/11/29-15:25:19.413574 7f3c573f4700 IDENTITY file:  IDENTITY
2018/11/29-15:25:19.413577 7f3c573f4700 MANIFEST file:  MANIFEST-000001 size: 13 Bytes
2018/11/29-15:25:19.413579 7f3c573f4700 SST files in /home/truong/Git/grakn-server/grakn-core-1.4.2/db/queue dir, Total Num: 0, files: 
2018/11/29-15:25:19.413582 7f3c573f4700 Write Ahead Log file in /home/truong/Git/grakn-server/grakn-core-1.4.2/db/queue: 000003.log size: 0 ; 
2018/11/29-15:25:19.413584 7f3c573f4700                         Options.error_if_exists: 0
2018/11/29-15:25:19.413585 7f3c573f4700                       Options.create_if_missing: 1
2018/11/29-15:25:19.413586 7f3c573f4700                         Options.paranoid_checks: 1
2018/11/29-15:25:19.413587 7f3c573f4700                                     Options.env: 0x7f3c36fe9060
2018/11/29-15:25:19.413588 7f3c573f4700                                Options.info_log: 0x7f3c51674dd0
2018/11/29-15:25:19.413589 7f3c573f4700                Options.max_file_opening_threads: 16
2018/11/29-15:25:19.413590 7f3c573f4700                              Options.statistics: (nil)
2018/11/29-15:25:19.413591 7f3c573f4700                               Options.use_fsync: 0
2018/11/29-15:25:19.413591 7f3c573f4700                       Options.max_log_file_size: 0
2018/11/29-15:25:19.413592 7f3c573f4700                  Options.max_manifest_file_size: 18446744073709551615
2018/11/29-15:25:19.413593 7f3c573f4700                   Options.log_file_time_to_roll: 0
2018/11/29-15:25:19.413594 7f3c573f4700                       Options.keep_log_file_num: 1000
2018/11/29-15:25:19.413595 7f3c573f4700                    Options.recycle_log_file_num: 0
2018/11/29-15:25:19.413596 7f3c573f4700                         Options.allow_fallocate: 1
2018/11/29-15:25:19.413597 7f3c573f4700                        Options.allow_mmap_reads: 0
2018/11/29-15:25:19.413597 7f3c573f4700                       Options.allow_mmap_writes: 0
2018/11/29-15:25:19.413598 7f3c573f4700                        Options.use_direct_reads: 0
2018/11/29-15:25:19.413599 7f3c573f4700                        Options.use_direct_io_for_flush_and_compaction: 0
2018/11/29-15:25:19.413600 7f3c573f4700          Options.create_missing_column_families: 0
2018/11/29-15:25:19.413601 7f3c573f4700                              Options.db_log_dir: 
2018/11/29-15:25:19.413601 7f3c573f4700                                 Options.wal_dir: /home/truong/Git/grakn-server/grakn-core-1.4.2/db/queue
2018/11/29-15:25:19.413602 7f3c573f4700                Options.table_cache_numshardbits: 6
2018/11/29-15:25:19.413603 7f3c573f4700                      Options.max_subcompactions: 1
2018/11/29-15:25:19.413604 7f3c573f4700                  Options.max_background_flushes: -1
2018/11/29-15:25:19.413605 7f3c573f4700                         Options.WAL_ttl_seconds: 0
2018/11/29-15:25:19.413606 7f3c573f4700                       Options.WAL_size_limit_MB: 0
2018/11/29-15:25:19.413606 7f3c573f4700             Options.manifest_preallocation_size: 4194304
2018/11/29-15:25:19.413607 7f3c573f4700                     Options.is_fd_close_on_exec: 1
2018/11/29-15:25:19.413608 7f3c573f4700                   Options.advise_random_on_open: 1
2018/11/29-15:25:19.413609 7f3c573f4700                    Options.db_write_buffer_size: 0
2018/11/29-15:25:19.413610 7f3c573f4700                    Options.write_buffer_manager: 0x7f3c51673d30
2018/11/29-15:25:19.413611 7f3c573f4700         Options.access_hint_on_compaction_start: 1
2018/11/29-15:25:19.413611 7f3c573f4700  Options.new_table_reader_for_compaction_inputs: 0
2018/11/29-15:25:19.413612 7f3c573f4700           Options.random_access_max_buffer_size: 1048576
2018/11/29-15:25:19.413613 7f3c573f4700                      Options.use_adaptive_mutex: 0
2018/11/29-15:25:19.413614 7f3c573f4700                            Options.rate_limiter: (nil)
2018/11/29-15:25:19.413624 7f3c573f4700     Options.sst_file_manager.rate_bytes_per_sec: 0
2018/11/29-15:25:19.413625 7f3c573f4700                       Options.wal_recovery_mode: 2
2018/11/29-15:25:19.413626 7f3c573f4700                  Options.enable_thread_tracking: 0
2018/11/29-15:25:19.413627 7f3c573f4700                  Options.enable_pipelined_write: 0
2018/11/29-15:25:19.413628 7f3c573f4700         Options.allow_concurrent_memtable_write: 1
2018/11/29-15:25:19.413628 7f3c573f4700      Options.enable_write_thread_adaptive_yield: 1
2018/11/29-15:25:19.413629 7f3c573f4700             Options.write_thread_max_yield_usec: 100
2018/11/29-15:25:19.413630 7f3c573f4700            Options.write_thread_slow_yield_usec: 3
2018/11/29-15:25:19.413631 7f3c573f4700                               Options.row_cache: None
2018/11/29-15:25:19.413632 7f3c573f4700                              Options.wal_filter: None
2018/11/29-15:25:19.413633 7f3c573f4700             Options.avoid_flush_during_recovery: 0
2018/11/29-15:25:19.413633 7f3c573f4700             Options.allow_ingest_behind: 0
2018/11/29-15:25:19.413634 7f3c573f4700             Options.preserve_deletes: 0
2018/11/29-15:25:19.413635 7f3c573f4700             Options.two_write_queues: 0
2018/11/29-15:25:19.413636 7f3c573f4700             Options.manual_wal_flush: 0
2018/11/29-15:25:19.413637 7f3c573f4700             Options.max_background_jobs: 2
2018/11/29-15:25:19.413638 7f3c573f4700             Options.max_background_compactions: -1
2018/11/29-15:25:19.413639 7f3c573f4700             Options.avoid_flush_during_shutdown: 0
2018/11/29-15:25:19.413640 7f3c573f4700           Options.writable_file_max_buffer_size: 1048576
2018/11/29-15:25:19.413641 7f3c573f4700             Options.delayed_write_rate : 16777216
2018/11/29-15:25:19.413642 7f3c573f4700             Options.max_total_wal_size: 0
2018/11/29-15:25:19.413642 7f3c573f4700             Options.delete_obsolete_files_period_micros: 21600000000
2018/11/29-15:25:19.413643 7f3c573f4700                   Options.stats_dump_period_sec: 600
2018/11/29-15:25:19.413644 7f3c573f4700                          Options.max_open_files: -1
2018/11/29-15:25:19.413645 7f3c573f4700                          Options.bytes_per_sync: 0
2018/11/29-15:25:19.413646 7f3c573f4700                      Options.wal_bytes_per_sync: 0
2018/11/29-15:25:19.413647 7f3c573f4700       Options.compaction_readahead_size: 0
2018/11/29-15:25:19.413647 7f3c573f4700 Compression algorithms supported:
2018/11/29-15:25:19.413649 7f3c573f4700 	kZSTDNotFinalCompression supported: 1
2018/11/29-15:25:19.413654 7f3c573f4700 	kZSTD supported: 1
2018/11/29-15:25:19.413655 7f3c573f4700 	kXpressCompression supported: 0
2018/11/29-15:25:19.413656 7f3c573f4700 	kLZ4HCCompression supported: 1
2018/11/29-15:25:19.413657 7f3c573f4700 	kLZ4Compression supported: 1
2018/11/29-15:25:19.413657 7f3c573f4700 	kBZip2Compression supported: 1
2018/11/29-15:25:19.413658 7f3c573f4700 	kZlibCompression supported: 1
2018/11/29-15:25:19.413659 7f3c573f4700 	kSnappyCompression supported: 1
2018/11/29-15:25:19.413662 7f3c573f4700 Fast CRC32 supported: Not supported on x86
2018/11/29-15:25:19.413850 7f3c573f4700 [db/version_set.cc:3085] Recovering from manifest file: MANIFEST-000001
2018/11/29-15:25:19.413918 7f3c573f4700 [db/column_family.cc:475] --------------- Options for column family [default]:
2018/11/29-15:25:19.413920 7f3c573f4700               Options.comparator: leveldb.BytewiseComparator
2018/11/29-15:25:19.413921 7f3c573f4700           Options.merge_operator: None
2018/11/29-15:25:19.413922 7f3c573f4700        Options.compaction_filter: None
2018/11/29-15:25:19.413923 7f3c573f4700        Options.compaction_filter_factory: None
2018/11/29-15:25:19.413924 7f3c573f4700         Options.memtable_factory: SkipListFactory
2018/11/29-15:25:19.413925 7f3c573f4700            Options.table_factory: BlockBasedTable
2018/11/29-15:25:19.413951 7f3c573f4700            table_factory options:   flush_block_policy_factory: FlushBlockBySizePolicyFactory (0x7f3c51671a00)
  cache_index_and_filter_blocks: 0
  cache_index_and_filter_blocks_with_high_priority: 0
  pin_l0_filter_and_index_blocks_in_cache: 0
  index_type: 0
  hash_index_allow_collision: 1
  checksum: 1
  no_block_cache: 0
  block_cache: 0x7f3c5150dc90
  block_cache_name: LRUCache
  block_cache_options:
    capacity : 8388608
    num_shard_bits : 4
    strict_capacity_limit : 0
    high_pri_pool_ratio: 0,000
  block_cache_compressed: (nil)
  persistent_cache: (nil)
  block_size: 4096
  block_size_deviation: 10
  block_restart_interval: 16
  index_block_restart_interval: 1
  metadata_block_size: 4096
  partition_filters: 0
  use_delta_encoding: 1
  filter_policy: nullptr
  whole_key_filtering: 1
  verify_compression: 0
  read_amp_bytes_per_bit: 0
  format_version: 2
  enable_index_compression: 1
  block_align: 0
2018/11/29-15:25:19.413962 7f3c573f4700        Options.write_buffer_size: 67108864
2018/11/29-15:25:19.413963 7f3c573f4700  Options.max_write_buffer_number: 2
2018/11/29-15:25:19.413964 7f3c573f4700          Options.compression: Snappy
2018/11/29-15:25:19.413965 7f3c573f4700                  Options.bottommost_compression: Disabled
2018/11/29-15:25:19.413966 7f3c573f4700       Options.prefix_extractor: nullptr
2018/11/29-15:25:19.413967 7f3c573f4700   Options.memtable_insert_with_hint_prefix_extractor: nullptr
2018/11/29-15:25:19.413968 7f3c573f4700             Options.num_levels: 7
2018/11/29-15:25:19.413969 7f3c573f4700        Options.min_write_buffer_number_to_merge: 1
2018/11/29-15:25:19.413970 7f3c573f4700     Options.max_write_buffer_number_to_maintain: 0
2018/11/29-15:25:19.413970 7f3c573f4700            Options.compression_opts.window_bits: -14
2018/11/29-15:25:19.413981 7f3c573f4700                  Options.compression_opts.level: -1
2018/11/29-15:25:19.413982 7f3c573f4700               Options.compression_opts.strategy: 0
2018/11/29-15:25:19.413983 7f3c573f4700         Options.compression_opts.max_dict_bytes: 0
2018/11/29-15:25:19.413984 7f3c573f4700         Options.compression_opts.zstd_max_train_bytes: 0
2018/11/29-15:25:19.413984 7f3c573f4700      Options.level0_file_num_compaction_trigger: 4
2018/11/29-15:25:19.413985 7f3c573f4700          Options.level0_slowdown_writes_trigger: 20
2018/11/29-15:25:19.413986 7f3c573f4700              Options.level0_stop_writes_trigger: 36
2018/11/29-15:25:19.413987 7f3c573f4700                   Options.target_file_size_base: 67108864
2018/11/29-15:25:19.413987 7f3c573f4700             Options.target_file_size_multiplier: 1
2018/11/29-15:25:19.413988 7f3c573f4700                Options.max_bytes_for_level_base: 268435456
2018/11/29-15:25:19.413989 7f3c573f4700 Options.level_compaction_dynamic_level_bytes: 0
2018/11/29-15:25:19.413990 7f3c573f4700          Options.max_bytes_for_level_multiplier: 10,000000
2018/11/29-15:25:19.413992 7f3c573f4700 Options.max_bytes_for_level_multiplier_addtl[0]: 1
2018/11/29-15:25:19.413993 7f3c573f4700 Options.max_bytes_for_level_multiplier_addtl[1]: 1
2018/11/29-15:25:19.413994 7f3c573f4700 Options.max_bytes_for_level_multiplier_addtl[2]: 1
2018/11/29-15:25:19.413995 7f3c573f4700 Options.max_bytes_for_level_multiplier_addtl[3]: 1
2018/11/29-15:25:19.413995 7f3c573f4700 Options.max_bytes_for_level_multiplier_addtl[4]: 1
2018/11/29-15:25:19.413996 7f3c573f4700 Options.max_bytes_for_level_multiplier_addtl[5]: 1
2018/11/29-15:25:19.413997 7f3c573f4700 Options.max_bytes_for_level_multiplier_addtl[6]: 1
2018/11/29-15:25:19.413998 7f3c573f4700       Options.max_sequential_skip_in_iterations: 8
2018/11/29-15:25:19.413999 7f3c573f4700                    Options.max_compaction_bytes: 1677721600
2018/11/29-15:25:19.413999 7f3c573f4700                        Options.arena_block_size: 8388608
2018/11/29-15:25:19.414000 7f3c573f4700   Options.soft_pending_compaction_bytes_limit: 68719476736
2018/11/29-15:25:19.414001 7f3c573f4700   Options.hard_pending_compaction_bytes_limit: 274877906944
2018/11/29-15:25:19.414002 7f3c573f4700       Options.rate_limit_delay_max_milliseconds: 100
2018/11/29-15:25:19.414003 7f3c573f4700                Options.disable_auto_compactions: 0
2018/11/29-15:25:19.414004 7f3c573f4700                        Options.compaction_style: kCompactionStyleLevel
2018/11/29-15:25:19.414021 7f3c573f4700                          Options.compaction_pri: kByCompensatedSize
2018/11/29-15:25:19.414022 7f3c573f4700 Options.compaction_options_universal.size_ratio: 1
2018/11/29-15:25:19.414023 7f3c573f4700 Options.compaction_options_universal.min_merge_width: 2
2018/11/29-15:25:19.414024 7f3c573f4700 Options.compaction_options_universal.max_merge_width: 4294967295
2018/11/29-15:25:19.414024 7f3c573f4700 Options.compaction_options_universal.max_size_amplification_percent: 200
2018/11/29-15:25:19.414025 7f3c573f4700 Options.compaction_options_universal.compression_size_percent: -1
2018/11/29-15:25:19.414026 7f3c573f4700 Options.compaction_options_universal.stop_style: kCompactionStopStyleTotalSize
2018/11/29-15:25:19.414027 7f3c573f4700 Options.compaction_options_fifo.max_table_files_size: 1073741824
2018/11/29-15:25:19.414028 7f3c573f4700 Options.compaction_options_fifo.allow_compaction: 0
2018/11/29-15:25:19.414029 7f3c573f4700 Options.compaction_options_fifo.ttl: 0
2018/11/29-15:25:19.414030 7f3c573f4700                   Options.table_properties_collectors: 
2018/11/29-15:25:19.414031 7f3c573f4700                   Options.inplace_update_support: 0
2018/11/29-15:25:19.414031 7f3c573f4700                 Options.inplace_update_num_locks: 10000
2018/11/29-15:25:19.414032 7f3c573f4700               Options.memtable_prefix_bloom_size_ratio: 0,000000
2018/11/29-15:25:19.414034 7f3c573f4700   Options.memtable_huge_page_size: 0
2018/11/29-15:25:19.414034 7f3c573f4700                           Options.bloom_locality: 0
2018/11/29-15:25:19.414035 7f3c573f4700                    Options.max_successive_merges: 0
2018/11/29-15:25:19.414036 7f3c573f4700                Options.optimize_filters_for_hits: 0
2018/11/29-15:25:19.414037 7f3c573f4700                Options.paranoid_file_checks: 0
2018/11/29-15:25:19.414038 7f3c573f4700                Options.force_consistency_checks: 0
2018/11/29-15:25:19.414038 7f3c573f4700                Options.report_bg_io_stats: 0
2018/11/29-15:25:19.414039 7f3c573f4700                               Options.ttl: 0
2018/11/29-15:25:19.414753 7f3c573f4700 [db/version_set.cc:3361] Recovered from manifest file:/home/truong/Git/grakn-server/grakn-core-1.4.2/db/queue/MANIFEST-000001 succeeded,manifest_file_number is 1, next_file_number is 3, last_sequence is 0, log_number is 0,prev_log_number is 0,max_column_family is 0,min_log_number_to_keep is 0
2018/11/29-15:25:19.414758 7f3c573f4700 [db/version_set.cc:3369] Column family [default] (ID 0), log number is 0
2018/11/29-15:25:19.414841 7f3c573f4700 EVENT_LOG_v1 {"time_micros": 1543479919414831, "job": 1, "event": "recovery_started", "log_files": [3]}
2018/11/29-15:25:19.414846 7f3c573f4700 [db/db_impl_open.cc:551] Recovering log #3 mode 2
2018/11/29-15:25:19.414929 7f3c573f4700 [db/version_set.cc:2847] Creating manifest 5
2018/11/29-15:25:19.417023 7f3c573f4700 EVENT_LOG_v1 {"time_micros": 1543479919417020, "job": 1, "event": "recovery_finished"}
2018/11/29-15:25:19.420470 7f3c573f4700 [db/db_impl_open.cc:1219] DB pointer 0x7f3c51673d60
